%YAML:1.0
# Input-output configuration
input: [848, 800]
output: [800, 800]

# Camera calibration parameter
K1: !!opencv-matrix
   rows: 3
   cols: 3
   dt: d
   data: [ 286.021301269531, 0.0, 418.248992919922,
           0.0, 285.836212158203, 396.985198974609, 
           0.0, 0.0, 1.0 ]
D1: !!opencv-matrix
   rows: 1
   cols: 4
   dt: d
   data: [ -0.00578029500320554, 0.0429570488631725 , -0.0404132008552551, 0.00706487381830812]
K2: !!opencv-matrix
   rows: 3
   cols: 3
   dt: d
   data: [ 285.150207519531, 0.0, 418.386291503906,
           0.0, 285.145294189453, 400.12548828125, 
           0.0, 0.0, 1.0 ]
D2: !!opencv-matrix
   rows: 1
   cols: 4
   dt: d
   data: [ -0.00480955792590976, 0.0373224802315235, -0.0346359312534332, 0.00521548977121711]
R: !!opencv-matrix
   rows: 3
   cols: 3
   dt: d
   data: [ 0.999976, 0.00201191, -0.00665695, 
           -0.00196959,  0.999978, 0.00635793,
           0.0066696, -0.00634466,  0.999958]
T: [ -0.0645192041993141, -0.000175616180058569, -8.52539815241471e-05 ]
